#referenzwerte for potentials 1-3 for n=1 to n=5

potential 1: (v_0 = 10)

1) 26.07
2) 66.43
3) 123,53
4) 198,15
5) 291,23

potential 2: (v_0 = 10)

1) 5,27
2) 20,68
3) 46,31
4) 81,32
5) 126,16

potential 3: (v_0 = 10)

1) -3,43
2) 14,73
3) 41,39
4) 75,79
5) 120,26

######################################

potential 1: (v_0 = 100)

1) 139,96
2) 228,1
3) 331,99
4) 450,48
5) 582,8

potential 2 (v_0 = 100):

1) 6,3
2) 24,85
3) 54,04
4) 89,56
5) 129,4

potential 3 (v_0 = 100):

1) -88,1
2) -53,87
3) -3,81
4) 44,3
5) 80,77




